32,32,32,32,32,32,32,32,32,32,32,32,32,32,32,32,32,32,32,32,32,32,32,32,32,32,32,32,32,32,220,32,32,32,32,32,32,32,32,32,32,32,32,32,32,32,32,32,32,32,32,32,32,32,32,32,32,32,32,10,13,
32,32,32,32,32,32,32,32,32,220,219,219,223,32,32,32,32,32,32,32,32,32,32,32,32,32,32,32,32,222,32,221,32,32,32,32,32,32,32,32,32,32,32,32,32,32,32,32,223,219,219,220,32,32,32,32,32,32,32,32,10,13,
32,32,32,32,32,32,32,219,219,32,219,32,32,32,32,32,32,32,32,32,32,32,32,32,32,32,32,32,32,221,32,222,32,32,32,32,32,32,32,32,32,32,32,32,32,32,32,32,32,32,219,32,219,219,32,32,32,32,32,32,10,13,
32,32,32,32,32,219,219,32,32,219,32,32,32,32,32,32,32,32,32,32,32,32,32,32,32,32,32,32,222,32,32,32,221,32,32,32,32,32,32,32,32,32,32,32,32,32,32,32,32,32,32,219,32,32,219,219,32,32,32,32,10,13,
32,32,32,219,219,32,32,32,219,32,32,32,32,32,32,32,32,32,32,32,32,32,32,32,32,32,32,32,221,32,32,32,222,32,32,32,32,32,32,32,32,32,32,32,32,32,32,32,32,32,32,32,219,32,32,32,219,219,32,32,10,13,
32,32,219,219,32,32,32,219,219,32,32,32,32,32,32,32,32,32,32,32,32,32,32,32,32,32,32,222,32,32,32,32,32,221,32,32,32,32,32,32,32,32,32,32,32,32,32,32,32,32,32,32,219,219,32,32,32,219,219,32,10,13,
32,219,219,32,32,32,32,219,32,32,32,32,32,32,32,32,32,32,32,32,32,32,32,32,32,32,32,221,32,32,32,32,32,222,32,32,32,32,32,32,32,32,32,32,32,32,32,32,32,32,32,32,219,219,32,32,32,32,219,32,10,13,
32,219,32,32,220,32,32,219,219,32,32,32,32,32,32,32,32,32,32,32,32,220,220,220,220,219,219,219,220,220,220,220,220,219,219,219,220,220,220,220,32,32,32,32,32,32,32,32,32,32,32,32,219,219,32,32,220,32,32,219,10,13,
219,219,32,32,219,32,32,32,219,219,32,32,32,32,32,32,32,32,32,219,219,32,32,32,32,32,219,219,220,220,220,220,220,219,219,32,32,32,32,32,219,219,32,32,32,32,32,32,32,32,32,219,219,32,32,32,219,32,32,219,10,13,
219,219,32,32,219,219,32,32,32,219,219,219,32,32,32,32,219,219,219,32,32,32,32,32,32,32,32,32,219,219,219,219,219,32,32,32,32,32,32,32,32,32,219,219,219,32,32,32,32,219,219,32,32,32,32,219,219,32,32,219,10,13,
32,219,32,32,32,219,219,219,32,32,32,219,219,219,219,219,219,219,32,32,32,32,32,32,32,32,32,32,32,32,32,32,32,32,32,32,32,32,32,32,32,32,32,219,219,219,219,219,219,219,32,32,32,219,219,219,32,32,32,219,10,13,
32,32,219,32,32,32,223,219,219,219,219,219,219,219,219,219,219,32,32,32,32,32,32,32,32,32,32,220,219,223,223,223,219,220,32,32,32,32,32,32,32,32,32,32,219,219,219,219,219,219,219,219,219,219,223,32,32,32,219,32,10,13,
32,32,32,219,219,32,32,32,32,219,219,219,219,219,32,219,32,32,32,32,32,32,32,32,32,32,32,219,32,32,32,32,32,219,32,32,32,32,32,32,32,32,32,32,32,219,32,219,219,219,219,219,32,32,32,32,219,219,32,32,10,13,
32,32,32,32,32,219,219,219,219,32,219,219,219,219,219,219,32,32,32,219,220,32,32,32,32,32,219,219,32,32,32,32,32,219,219,32,32,32,32,32,220,219,32,32,32,219,219,219,219,219,219,32,219,219,219,219,32,32,32,32,10,13,
32,32,32,32,32,32,32,32,32,32,219,219,219,219,219,32,32,32,32,222,219,219,219,219,219,32,219,219,32,32,32,32,32,219,219,32,219,219,219,219,219,221,32,32,32,219,219,219,219,219,219,32,32,32,32,32,32,32,32,32,10,13,
32,32,32,32,32,32,32,32,32,32,32,32,219,219,219,32,32,32,32,32,219,219,32,32,219,219,219,223,32,32,32,32,32,223,219,219,219,32,32,219,219,32,32,32,32,32,219,219,219,32,32,32,32,32,32,32,32,32,32,32,10,13,
32,32,32,32,32,32,32,32,32,32,32,32,32,32,219,32,32,32,32,32,222,219,219,32,32,32,32,32,32,32,32,32,32,32,32,32,32,32,219,219,221,32,32,32,32,32,219,32,32,32,32,32,32,32,32,32,32,32,32,32,10,13,
32,32,32,32,32,32,32,32,32,32,32,32,32,32,219,32,32,32,32,32,32,32,223,219,219,219,219,219,32,32,32,32,32,219,219,219,219,219,223,32,32,32,32,32,32,32,219,32,32,32,32,32,32,32,32,32,32,32,32,32,10,13,
32,32,32,32,32,32,32,32,32,32,32,32,32,32,222,219,32,32,32,32,32,32,32,32,32,223,219,219,219,32,32,32,219,219,219,223,32,32,32,32,32,32,32,32,32,219,221,32,32,32,32,32,32,32,32,32,32,32,32,10,13,
32,32,32,32,32,32,32,32,32,32,32,32,32,32,32,223,219,220,32,32,32,32,32,32,32,32,32,32,219,32,32,32,219,32,32,32,32,32,32,32,32,32,32,220,219,223,32,32,32,32,32,32,32,32,32,32,32,32,32,10,13,
32,32,32,32,32,32,32,32,32,32,32,32,32,32,32,32,32,223,219,220,32,32,32,32,32,32,32,32,219,32,32,32,219,32,32,32,32,32,32,32,32,220,219,223,32,32,32,32,32,32,32,32,32,32,32,32,32,32,32,32,32,10,13,
32,32,32,32,32,32,32,32,32,32,32,32,32,32,32,32,32,32,32,223,219,220,32,32,32,32,32,32,222,219,32,219,221,32,32,32,32,32,32,220,219,223,32,32,32,32,32,32,32,32,32,32,32,32,32,32,32,32,32,32,32,10,13,
32,32,32,32,32,32,32,32,32,32,32,32,32,32,32,32,32,32,32,32,32,223,219,220,32,32,32,32,32,219,32,219,32,32,32,32,32,220,219,223,32,32,32,32,32,32,32,32,32,32,32,32,32,32,32,32,32,32,32,32,32,10,13,
32,32,32,32,32,32,32,32,32,32,32,32,32,32,32,32,32,32,32,32,32,32,32,223,219,220,32,32,32,219,32,219,32,32,32,220,219,223,32,32,32,32,32,32,32,32,32,32,32,32,32,32,32,32,32,32,32,32,32,32,10,13,
32,32,32,32,32,32,32,32,32,32,32,32,32,32,32,32,32,32,32,32,32,32,32,32,32,223,219,220,220,219,32,219,220,220,219,223,32,32,32,32,32,32,32,32,32,32,32,32,32,32,32,32,32,32,32,32,32,32,32,32,32,10,13,
32,32,32,32,32,32,32,32,32,32,32,32,32,32,32,32,32,32,32,32,32,32,32,32,32,32,32,32,223,223,32,223,223,10,13